"1" "2" "3" "4" "5" "6" "7" "8" "9" "10"
"sscortex" 0.082148958765115 0.000531155390941416 0.844944444826913 2.14185969046269e-05 0.0711612523569003 2.90231419971523e-05 5.38091880564768e-05 0.00104765250522795 3.93159633762267e-05 2.29692645676073e-05
"sscortex.1" 0.0549816700580959 0.0490109752522749 0.81717982278248 1.4601384157917e-05 0.0778068085769139 1.57557030629513e-05 5.32556049245128e-05 0.000899721769852525 2.27808905412168e-05 1.46079776960943e-05
"sscortex.2" 0.108031761606094 0.0185380503260481 0.802016005972418 0.000105903891021996 0.0708210670529518 5.22823077889461e-05 2.98744705463549e-05 0.00031370441195464 8.02044733407221e-05 1.11454878354463e-05
"sscortex.3" 0.0622368437492932 0.0171807884484825 0.852956292085188 1.18193123574234e-05 0.0673959260143085 1.17731392672497e-05 5.13401416212005e-05 0.000124546469801674 2.03553313809308e-05 1.03153082990574e-05
"sscortex.4" 0.183744370261308 0.000440077564915466 0.796634950281855 4.38928649649445e-05 0.0174871435297838 0.00145355513211208 3.4090567709259e-05 9.39739661826921e-05 5.16753790828787e-05 1.62704520854353e-05
"sscortex.5" 0.155239089330291 5.97182153970137e-05 0.803504128020327 1.43592036354263e-05 0.0404982090788973 1.94506762504312e-05 0.000552722602931973 5.81377547048842e-05 4.12681551459944e-05 1.29169624195303e-05
"sscortex.6" 0.197552375484187 2.955400860154e-05 0.754705259689507 4.07119784058371e-05 0.0465364429349203 2.66876980394635e-05 4.11781585789501e-05 0.000494719437786325 0.000562449217875111 1.06213920983974e-05
"ca1hippocampus" 0.26108786760529 0.000107158668188106 0.727614108985014 3.55683267395912e-05 0.00783652017758111 3.27090641679603e-05 0.00287772533582597 6.69801534419926e-05 0.000314389234109517 2.69724496409704e-05
"sscortex.7" 0.154466740613824 0.0372083884389897 0.773264821220971 0.000736819036310936 0.0297212924807944 3.49863181067743e-05 8.75712805532771e-05 0.00426070160282316 0.000182417012685712 3.62619949414406e-05
"sscortex.8" 0.0899490691970056 0.0610531961718444 0.817292476560813 3.92032106305608e-05 0.0304174252235896 1.89776556616848e-05 7.04850368820073e-05 5.09076405721916e-05 0.00109433469553996 1.39246074605426e-05
"sscortex.9" 0.0822569001749038 0.101021187929857 0.723831844479877 2.85304263512667e-05 0.0907734001507164 3.24767576470639e-05 0.000118792423767325 0.00181583668685175 0.000101908594454773 1.91223755736652e-05
"sscortex.10" 0.103643293528512 0.103564049029667 0.744680826521402 5.03707141921722e-05 0.047564643573207 2.06614814464712e-05 5.14493535228813e-05 1.43891592077166e-05 0.000401658135006875 8.65850383525839e-06
"sscortex.11" 0.345777863040501 0.000404511253611395 0.585404229997179 0.000123609214274489 0.0678573312807848 9.87916525282215e-06 0.00026203417499856 0.000112040777127564 1.76353742123188e-05 3.08657220580805e-05
"ca1hippocampus.1" 0.0890324874799579 0.0137254260637891 0.864638018451762 3.13349391591076e-05 0.0323005732344481 2.16459585012795e-05 4.70849773761372e-05 4.01161554199856e-05 0.000139260076015505 2.40526635709802e-05
"sscortex.12" 0.113608351035885 1.9293982506275e-05 0.853173657311091 1.27242026809771e-05 0.032872102294247 3.49127279889274e-05 1.14850483151853e-05 1.18477585557654e-05 0.000248545420685878 7.08021804430521e-06
"sscortex.13" 0.147924903765298 0.00320679509200893 0.821272684122158 2.82686094090921e-05 0.0273626573661566 0.000152373363058905 1.17029068508946e-05 1.10616191648381e-05 2.33022403859031e-05 6.2509155096194e-06
"ca1hippocampus.2" 0.0599371907504165 0.0656822091469206 0.854917042077938 1.86139304262501e-05 0.0192789035863868 1.57418024302136e-05 2.00560135505746e-05 2.06572394256984e-05 9.78964699662843e-05 1.16889825392157e-05
"ca1hippocampus.3" 0.143821920933851 0.0213225883477139 0.824958815660551 3.16924713324498e-05 0.00910135884251923 1.54385812728685e-05 2.31109014010861e-05 0.000563224409160434 0.000148476074268084 1.33737779297107e-05
"ca1hippocampus.4" 0.351595219447528 0.200319833970697 0.311449306903019 0.0243909899278092 0.063000104312121 0.0231560694778096 9.25536305519936e-05 0.000222322071105812 0.0257633951183409 1.02051410165814e-05
"ca1hippocampus.5" 0.250654729662192 0.282508628510081 0.445596501487573 0.000215002592217814 0.0194356688734682 5.3370697547294e-05 7.42792195259017e-05 0.000119873925982227 0.00131941092885885 2.25341025530027e-05
"ca1hippocampus.6" 0.0899516130777521 0.0354915747235499 0.862165057140468 1.45442013282781e-05 0.0122380708824751 2.46015152228891e-05 3.10141445448781e-05 3.75003891848651e-05 3.39946181095227e-05 1.20293073644004e-05
"ca1hippocampus.7" 0.0626541724566146 0.173304359790631 0.698056617165919 0.000268879548938097 0.0654561348846958 5.61722489702166e-05 3.27134181132407e-05 3.34712353203747e-05 0.000116967407815449 2.05118429825262e-05
"sscortex.14" 0.105507831132376 0.0686485021123051 0.770972647927326 1.99010184853243e-05 0.0529421855307904 2.08586664102796e-05 0.00180603778965693 2.45376297430529e-05 3.98322866492552e-05 1.76659062572784e-05
"ca1hippocampus.8" 0.0285276416347673 0.246704577540825 0.696390703806374 2.89820430433675e-05 0.0281181295657885 2.33676629646685e-05 4.65431063106921e-05 0.000106810456680237 3.77265574463085e-05 1.55176257995005e-05
"sscortex.15" 0.370159556797913 0.107132131015404 0.501055215269545 1.11619579799035e-05 0.021325748901019 1.61804068792663e-05 2.61703867730604e-05 0.000233436821522948 2.25842380023604e-05 1.78142049618447e-05
"sscortex.16" 0.194776543412264 0.0109038280026347 0.749890327441251 1.09984371171988e-05 0.0433686930119227 1.00019894013422e-05 0.00100068327578634 1.32352710452294e-05 1.5568317763476e-05 1.01208408140943e-05
"sscortex.17" 0.191659461858709 6.65832492761397e-05 0.790323743451824 3.68407526937523e-05 0.0144568845156091 0.000425063241032608 0.000846935633356792 0.00188405166909907 0.00028665133295955 1.37842954395386e-05
"sscortex.18" 0.0314556122636483 0.0953793297549618 0.783052129687927 0.000314515224893732 0.0893526235381076 0.000111955673614768 4.31883632904401e-05 0.000125223510763937 6.40978700463704e-05 0.000101324112745576
"sscortex.19" 0.153329920926423 0.0150090512725196 0.814942269514162 3.01259092382589e-05 0.016515877361517 2.09191728441928e-05 4.9788329602898e-05 4.43613702958217e-05 3.14766537430736e-05 2.62094896537601e-05
"sscortex.20" 0.0425407333093088 0.105074274082466 0.828371008344672 1.35068943645371e-05 0.0239251565105402 1.13735348181752e-05 1.84707780258016e-05 2.0425125757315e-05 1.662374934427e-05 8.42767070240348e-06
"ca1hippocampus.9" 0.30258852895447 0.164620207726387 0.516780941499048 3.51682064171764e-05 0.0153830516596688 1.96892009503873e-05 0.000338932401338106 2.6340112135635e-05 0.000200707594754539 6.43264483128279e-06
"sscortex.21" 0.249831668910143 4.3439445301443e-05 0.737930879533586 2.30177658265803e-05 0.0111626347600204 1.77266618892602e-05 4.46052909907458e-05 0.000553534316574422 3.13073155546482e-05 0.000361186000113626
"sscortex.22" 0.199364617088239 0.000107535433682999 0.781659853233624 5.45097268257546e-05 0.0182811793037487 0.000432695786346875 2.90645280605135e-05 2.15804814049836e-05 3.83089333218202e-05 1.0655484745963e-05
"sscortex.23" 0.156872703512905 0.0562866383545491 0.734683604488157 3.03322625566986e-05 0.0519304201120189 2.4947295931907e-05 6.35996495364213e-05 4.64577898218633e-05 4.18009660774114e-05 1.9495568446322e-05
"sscortex.24" 0.0626570005917623 0.141719882122315 0.776460336516442 1.5887785431184e-05 0.018379209799251 1.39454567598605e-05 0.000568884007781753 0.000156500629654461 1.76980960859854e-05 1.06549945157751e-05
"sscortex.25" 0.218676855502989 0.00419910170252485 0.766956732738251 3.54706580309669e-05 0.00933434651534049 2.10053506177265e-05 4.35967846052474e-05 0.000646487865446937 3.78885783554477e-05 4.85143038381102e-05
"sscortex.26" 0.0640366870964754 0.0527881614558668 0.84214017385732 0.000918356882739163 0.0391887969706006 0.000123647686530667 0.000361249897505607 3.48026389635882e-05 0.000389951142075015 1.81723719228547e-05
"sscortex.27" 0.047954913869247 0.158281666401208 0.76686924011488 0.000166357384491967 0.0256527696576018 6.06349087296569e-05 4.1170742831077e-05 3.23385112991625e-05 0.000927532209450969 1.33762002603177e-05
"sscortex.28" 0.170065570734569 0.0285298389391615 0.767640473072089 2.53330153989956e-05 0.0333642186649816 1.87013729831964e-05 0.000172995281467688 0.000134462594846295 3.3551327233636e-05 1.48549972688393e-05
"sscortex.29" 0.279125566130778 0.000124916237424341 0.711742473894277 2.27298060873162e-05 0.00877076883792976 2.1473481956037e-05 5.11354036872643e-05 8.07522183921089e-05 3.99116086198247e-05 2.02723808481561e-05
"sscortex.30" 0.0883351497935034 0.0166517487670614 0.869267300322952 1.80401050750191e-05 0.0253424109702307 3.72685034107364e-05 2.31801242093683e-05 0.000224495669441005 2.42781556056492e-05 7.61275885110724e-05
"sscortex.31" 0.161525596970185 0.0148516759042439 0.786010276490406 7.53617549627051e-05 0.0305073804714946 0.00107239099278873 0.00382587938963809 0.00020477509160621 0.00188724846348106 3.94144711936881e-05
"sscortex.32" 0.144634473907094 0.00350689346849783 0.822874219132925 2.73008299459521e-05 0.0282452691113015 6.22612506565665e-05 0.000346826427834961 0.00015791462866477 0.000128917420943854 1.59238221353623e-05
"sscortex.33" 0.0334266185929598 0.151146894759473 0.765420139543539 0.000313352626852114 0.045487581893299 0.000114585822182628 0.000676276469950557 0.00324733397905299 0.000147427392013819 1.97889206768305e-05
"sscortex.34" 0.103259655110952 0.00967997826371534 0.838155609223955 0.000503173468391302 0.0461894464467082 0.000295850173125946 0.0013482350251232 0.000500533739183073 5.36804014984996e-05 1.38381473473056e-05
"sscortex.35" 0.0557817330872184 0.0594934430385325 0.850952450495307 6.05221182657225e-05 0.0317262539969825 0.000144029028365451 9.17831677813936e-05 4.86371571180626e-05 0.00167373400011985 2.74139103091839e-05
"ca1hippocampus.10" 0.0232938511495181 0.130958979066922 0.827435377819455 4.39067270881045e-05 0.0160716739836557 3.93661502883766e-05 3.47598885526172e-05 0.00185887397735438 4.8598879526196e-05 0.00021461235763982
"sscortex.36" 0.0787388117171871 0.133956754578192 0.733420516294 4.49919182592046e-05 0.0378517323094672 0.00249084013761514 5.45827907163598e-05 0.00872109041933692 0.00469442676969736 2.62530655290506e-05
"ca1hippocampus.11" 0.0622407803732553 0.0748622853072508 0.790030970605835 2.20633737958142e-05 0.0711995107372598 2.36655050227253e-05 0.000441034442180579 0.00112737013676423 3.11686410748251e-05 2.11508775612923e-05
"ca1hippocampus.12" 0.0222855191521387 0.173736779580854 0.784749579493063 0.000232443905905613 0.0186929086057061 5.04819302761535e-05 3.64399311652416e-05 7.12381005238001e-05 0.000128464540712191 1.61447596555208e-05
"ca1hippocampus.13" 0.0923049421478062 0.00715935764740989 0.835243179595778 3.28579595548336e-05 0.0649207470484003 2.72164487843292e-05 9.00417368205918e-05 0.00014585038862969 3.95543150801338e-05 3.62527117362496e-05
"ca1hippocampus.14" 0.0412756964452324 0.106642263372045 0.820934004789101 0.000780074923457649 0.0298588953258776 4.42764609323804e-05 0.000171440953545257 0.000198192009707977 6.14582610327998e-05 3.36974590676683e-05
"ca1hippocampus.15" 0.000137347154145509 0.106441376626684 0.892704250685179 0.000222840617839466 1.91330838609987e-05 0.000197269537866534 3.98570500101214e-05 8.41511210937764e-05 0.000124520596626637 2.92535266941406e-05
"ca1hippocampus.16" 0.0902881534133846 0.0571203090206214 0.852118939280486 3.41515002985176e-05 0.000244085773119676 3.30643623051486e-05 3.93533666608718e-05 3.47083061239628e-05 6.13537648931082e-05 2.58812121071021e-05
"sscortex.37" 0.0432888578587829 0.156830084173621 0.742861060176304 6.55427141966213e-05 0.0439850706017118 0.000382369528175871 0.000444935053826451 0.0105935891353932 0.00152546581496483 2.3024943023153e-05
"ca1hippocampus.17" 0.0844629837830746 0.116071732113114 0.764710436959897 0.00039681573592386 0.0331845863410042 0.000807134251194531 3.53300414013109e-05 3.28696650434177e-05 0.000280779620201491 1.73314891458544e-05
"ca1hippocampus.18" 0.527185359013203 0.00137458865951806 0.399221884050337 1.77673438986313e-05 0.072049991283789 2.27583985190304e-05 3.79452086810047e-05 3.76655686769196e-05 3.84614252638742e-05 1.35790481139659e-05
"sscortex.38" 0.00653388021769807 0.197995426441503 0.718081296422761 2.30392386940727e-05 0.0745858610891016 2.14135060603771e-05 9.20549040945793e-05 0.00257720017191896 6.9710602300991e-05 2.0117405867392e-05
"sscortex.39" 0.0522539033631092 0.0266616757021672 0.876151320158367 3.02804493897438e-05 0.0441955683356307 7.01660139820117e-05 8.62812054707501e-05 6.42164061075957e-05 0.000474009491095968 1.25788746800786e-05
"sscortex.40" 4.04986758860527e-05 0.183751677878485 0.773960380137574 4.92748548036197e-05 0.0408769660647883 2.47543149670558e-05 3.02263420171765e-05 0.00116913592541728 7.24831943586006e-05 2.46026117026497e-05
"sscortex.41" 0.0426543801186104 0.042004739162966 0.870030079224301 9.63609443875697e-05 0.042377632101247 0.00020413782507389 4.95866507159406e-05 0.000891056998585076 0.00166986020220242 2.2166771910233e-05
"sscortex.42" 0.000209619149043388 0.22527726351242 0.74833614792026 6.70345656097161e-05 0.0237136212605864 5.27969157427207e-05 0.000285713433680933 0.00195243639786195 5.53305589613507e-05 5.00362858326523e-05
"sscortex.43" 0.0260790498248552 0.0543352858346629 0.898457305427461 1.38523913303033e-05 0.0206173302090802 1.17259371762776e-05 2.10273923111041e-05 0.000440518019569021 1.57935182915314e-05 8.1114452629515e-06
"sscortex.44" 0.00025879632308324 0.153195711734737 0.79395799243434 0.000569648156014549 0.0505646894939915 0.0012286419392897 2.95819896844268e-05 3.53593723987127e-05 0.000146160228375474 1.34183280860233e-05
"sscortex.45" 9.56083500241325e-05 0.1399233036962 0.816560437741148 3.12452242299679e-05 0.0423073188918446 2.47201461049816e-05 8.08457388943297e-05 0.000909231918797639 3.41022323331496e-05 3.31860604233801e-05
"sscortex.46" 0.000203251680952212 0.249734510397344 0.704927045789683 0.00246404503409439 0.042419263501414 2.20660002944712e-05 3.9540785226441e-05 0.000125964201036091 4.95114174134132e-05 1.48011925418724e-05
"sscortex.47" 0.020217508429271 0.164601677899792 0.791436455902926 2.0497681392083e-05 0.0232768513052912 1.3048794365618e-05 2.09218714397445e-05 2.040460494735e-05 0.000383475961624402 9.15754895141473e-06
"sscortex.48" 0.0272294491261909 0.133061848458828 0.77181923323912 1.5771243714616e-05 0.0677009371916539 1.37802341141979e-05 3.68617458844925e-05 6.88771127364625e-05 4.25829474696731e-05 1.06587002880983e-05
"ca1hippocampus.19" 0.153366087609961 0.000142498945189232 0.824861344959198 4.47887604612973e-05 0.0180666762793429 4.5650005162694e-05 0.000170281170565754 6.42146063698009e-05 0.00321857024868106 1.98874150684183e-05
"sscortex.49" 0.0023160281827205 0.197277160251966 0.736671913294654 0.000138853770612357 0.0600827478591175 5.60733214599894e-05 0.000276496412712137 0.000957034165726245 0.00220631218803821 1.73805529929151e-05
"sscortex.50" 0.200487753006932 3.25438954274598e-05 0.782013721044738 0.000118417973908302 0.0137791652778698 0.000115403664161603 4.20531144702253e-05 0.00245540556446184 0.00093816819597667 1.73682620542471e-05
"sscortex.51" 0.0175917976603946 0.172515416422732 0.787054530609056 0.000148855581311832 0.0221479272468817 0.000272746755687803 8.17214875462622e-05 8.47711565999706e-05 7.66530230907981e-05 2.55800566997164e-05
"sscortex.52" 0.193047321271982 0.00720906764452889 0.781801910161876 2.66618159350951e-05 0.0177652135084183 1.89161845006554e-05 4.29158714599696e-05 2.30592261050883e-05 4.9889266888827e-05 1.50450483056305e-05
"sscortex.53" 0.150958939787451 0.0266818359167884 0.800851035985729 7.21867322028681e-05 0.018828252948216 8.90534159044771e-05 0.00223868099316185 0.000184132297015517 7.43241048416292e-05 2.15578186891032e-05
"sscortex.54" 0.216354214140381 7.98839508378236e-05 0.779260472624609 1.91137848730426e-05 0.00372636864195062 1.58420630768645e-05 6.24577189695492e-05 0.000197966786393489 0.00027572532050134 7.95496840747367e-06
"sscortex.55" 0.117236508179093 0.0966099134537514 0.767907307813144 3.35789533067372e-05 0.017632027837297 2.22123150867178e-05 5.45033978645043e-05 0.000397476698366205 8.66069067640733e-05 1.98644453260991e-05
"sscortex.56" 0.199834419424606 0.00264263032025041 0.743913666703746 2.63021149745708e-05 0.0522693061074817 3.04487402648408e-05 5.55056778887978e-05 7.23783386292345e-05 0.00113775614346698 1.75864286909892e-05
"sscortex.57" 0.26787731518875 8.20995004953675e-05 0.722657103541227 1.73103666098467e-05 0.00923434338232343 1.50997260568092e-05 2.34348844074798e-05 5.31369515064038e-05 2.94537843569802e-05 1.07026742666764e-05
"sscortex.58" 0.145563578226294 0.0952800426280739 0.756606393931428 3.22169434623969e-05 0.00217093986832152 2.28345009064412e-05 5.25843856417144e-05 0.000218719439873963 3.85445874280446e-05 1.41454885701369e-05
"sscortex.59" 0.0581637973586454 0.163046927297746 0.750797904361732 6.17004320079045e-05 0.0271250154314783 0.00016935202725201 0.000556073833574945 3.18934242505311e-05 3.17070937159896e-05 1.56287395960197e-05
"sscortex.60" 0.329793977069054 0.0150175599600733 0.599891802016145 3.48247100500229e-05 0.0540083620746722 2.15091021948283e-05 0.000966074538927954 3.84979167890376e-05 0.000202035974330305 2.5356637762623e-05
"sscortex.61" 0.16306805468784 0.00993106732682971 0.798561828426154 3.60147369698958e-05 0.0273000494696681 2.85467775981241e-05 0.000275431515616095 3.35563338467059e-05 0.000749942125518985 1.55085999584574e-05
"sscortex.62" 0.181483199372719 0.0534295218366934 0.750379329134389 4.06793948611058e-05 0.0129817995736271 2.61412821589973e-05 0.000229417939812053 0.00133722623965737 6.51071176709239e-05 2.75781084103317e-05
"sscortex.63" 0.0951179451981203 0.0177688139729979 0.858490483623083 9.23404276077091e-05 0.0274422478620933 5.68672055391539e-05 0.000283468916463763 4.31869347821713e-05 0.000672150857918742 3.24950013939504e-05
"sscortex.64" 0.0790648352559316 0.223082330878767 0.650768142039689 0.000390372889031379 0.0454486659283796 0.00106012812578544 2.62855763383533e-05 7.49215678280907e-05 6.79742040834912e-05 1.63435341658936e-05
"sscortex.65" 0.102683820829023 0.168413545542888 0.693277725813113 2.20768348363195e-05 0.0354897435620838 1.63271395940518e-05 2.3469265558041e-05 3.45554454057393e-05 2.64258242969245e-05 1.23097432005085e-05
"sscortex.66" 0.140121936209301 0.00938677632902117 0.833119905029224 0.000237113263975577 0.0168560188517443 4.49235912129203e-05 3.9072934775478e-05 2.54437038069351e-05 0.000150712861285573 1.80972256528306e-05
"sscortex.67" 0.17417949246307 0.00583076917394676 0.794645907686034 2.80613838122463e-05 0.0224213629243549 2.48710805168227e-05 0.00192015363605399 0.000870158624366477 6.12005361530315e-05 1.80224916918224e-05
"sscortex.68" 0.114524686319093 0.102178381612038 0.757001594285373 0.000342374323694509 0.024687833439963 1.9098468295352e-05 3.39518619103192e-05 0.00116364284123033 3.73810675168275e-05 1.10557808867878e-05
"sscortex.69" 0.246445063519024 0.00996303858025781 0.709642277532387 3.14410737599277e-05 0.0332252175733078 2.71384563964141e-05 0.000576913810748327 3.31495888867337e-05 3.62113110092007e-05 1.95485542224165e-05
"sscortex.70" 0.0801489638379304 0.161618570716681 0.702973851414196 3.40147416835228e-05 0.054869257742481 0.000155970683872062 2.55890206419173e-05 2.33592068988371e-05 0.000136369659497499 1.40529761184226e-05
"sscortex.71" 0.155486248261706 0.0377975725130974 0.76767741038518 1.80048925085091e-05 0.0381701594361315 2.55664048743826e-05 0.000738627774639702 2.35672008336443e-05 5.18619276931294e-05 1.09812033357083e-05
"sscortex.72" 0.155054323287992 0.0328285620922086 0.779589879124405 2.06767023175268e-05 0.0323975931573785 1.92110214076981e-05 3.40283293499503e-05 1.81942210521598e-05 2.42854520818504e-05 1.32466118069825e-05
"sscortex.73" 0.03516157841311 0.168051547411598 0.729247738334033 0.000195502408197695 0.0672400763551141 1.45705254750886e-05 3.23341383986231e-05 2.35684473108766e-05 2.03034789884681e-05 1.27804877742076e-05
"sscortex.74" 0.169648782201237 7.73401549298776e-05 0.805023992486612 1.13362465366327e-05 0.0237654967428729 1.30134744932505e-05 0.00138155044443195 2.28530758117856e-05 2.3336438067495e-05 3.22987350069175e-05
"sscortex.75" 0.0772888031340443 0.167377376668889 0.625515998888874 0.00030969970935004 0.0772447245882787 0.00433522317718885 0.0105934999268796 0.0282981362829764 0.00900136322524598 3.51743982738776e-05
"sscortex.76" 0.0947310191516546 0.143282536462563 0.709011650219726 0.000177625521340499 0.0512644291843543 8.87687062754835e-05 2.56950669038537e-05 2.25682820654319e-05 0.00138242984199165 1.32775631259252e-05
"sscortex.77" 3.32666473430184e-05 0.487372604207288 0.415556949855996 0.00399501085297192 0.0874498388714207 0.00236294719285563 5.96292736391361e-05 0.0017803241563594 0.00136129547882506 2.81334633007439e-05
"ca1hippocampus.20" 4.41517352290901e-05 0.299295218631453 0.667605124238617 1.52135708301539e-05 0.0328100740809876 7.98359296213152e-06 0.000166686703663177 3.28152668402557e-05 8.89928901020489e-06 1.38328904073341e-05
"sscortex.78" 4.45579056658325e-05 0.234985947126537 0.627288366714214 0.000668756580543937 0.0696813439204146 6.41962507865726e-05 0.00845518521883208 0.0586968913634733 8.30724138917811e-05 3.16825056411465e-05
"sscortex.79" 1.55674833532304e-05 0.265399757599056 0.643815693212606 0.018733705314777 0.0572369167611291 0.00373621696229922 0.00110510894089581 0.00925526094968557 2.35463479591284e-05 0.000678226428238904
"ca1hippocampus.21" 1.25701823353323e-05 0.356300368592354 0.595868289878952 3.85122212456042e-05 0.0450227802697043 1.22275837995342e-05 0.00261023896861489 6.72761954793718e-05 1.60202563852846e-05 5.17158511301218e-05
"ca1hippocampus.22" 1.12443483958032e-05 0.256229334443802 0.666324805571129 2.06913113087317e-05 0.0168371893050689 9.72579189497375e-06 2.06072896089647e-05 0.0605257215409631 9.12191235423356e-06 1.15584854749654e-05
"sscortex.80" 1.01095142016429e-05 0.294631868631801 0.550423233473581 0.0866446742078749 0.0309103306112873 0.0364472148652418 0.00068088089662461 0.000177334433181902 1.91102212699893e-05 5.52431449355186e-05
"sscortex.81" 0.0254408805840923 0.202257710638292 0.698477398761421 6.2175660838547e-05 0.0723008254660442 2.65257662143986e-05 0.00011361796397742 7.75671951354484e-05 3.58866498273669e-05 0.00120741131415681
"sscortex.82" 1.96279755597006e-05 0.250253191334084 0.517822103184128 0.1309736484043 0.0146780832131377 0.0680868710613408 0.0155315110969821 0.00221411759299048 3.15622941845512e-05 0.000389283843292753
"sscortex.83" 1.51314419684149e-05 0.389982387721979 0.564959743551595 0.0224746022358963 0.00403199189818686 0.000427391681594931 0.0180036108919075 3.49207613001315e-05 2.47896507587627e-05 4.54301648126127e-05
"ca1hippocampus.23" 0.0056163603035165 0.308094408093481 0.3924145533236 0.000378461530698826 0.0343953755238397 2.2933490228188e-05 0.0520687953571861 0.20678475752073 0.000121575569945675 0.000102779286772889
"ca1hippocampus.24" 2.5038006454256e-05 0.445332486625477 0.530924519513387 0.000100642291025256 0.0219983554776504 4.34581889628969e-05 6.55885673047539e-05 0.00144043271586237 2.26144887951105e-05 4.68641250806406e-05
"ca1hippocampus.25" 1.25189542580978e-05 0.472673908047257 0.501147279661015 0.000483833863551971 0.0233753576318978 5.74709174721838e-05 4.36267408670338e-05 0.00218806837831129 1.04658114152042e-05 7.46999395471748e-06
"ca1hippocampus.26" 9.9476230336139e-05 0.283813564213698 0.668447133866939 0.000225504391345715 0.0472131480978813 2.76163945016673e-05 4.98455987726906e-05 6.01870857178074e-05 4.91729551459987e-05 1.43511656619175e-05
"ca1hippocampus.27" 0.00985474715383304 0.522576322979604 0.445455952853919 0.000190888808446813 0.0217869972812669 2.37016117397719e-05 3.44868158206524e-05 2.24939377271897e-05 3.73073727771845e-05 1.71011848654932e-05
"ca1hippocampus.28" 0.00945349048448543 0.199911346256275 0.772182691113134 2.76567515715031e-05 0.0181425490358224 1.02870741459393e-05 1.4793052653002e-05 5.13555178343005e-05 0.000198428762087184 7.40195199123725e-06
"sscortex.84" 0.0378849675239538 0.499392718186708 0.427615248906642 0.00106202708665841 0.033847750385086 2.46035850382244e-05 3.99037674469897e-05 7.02979163039147e-05 4.95146270869376e-05 1.29680150762667e-05
"ca1hippocampus.29" 0.00359111218432789 0.467696118369765 0.515223424886141 0.000293180688277496 0.012430716678862 2.991455786907e-05 5.47815406592171e-05 7.91121787137529e-05 0.000566230072274843 3.54088431093848e-05
"sscortex.85" 0.000373366917678808 0.377909654471113 0.248847524962223 0.191996925159946 0.0678009014023098 0.108817996425493 0.00254263494624322 0.00159476466891389 9.85325178733828e-05 1.76985282056794e-05
"ca1hippocampus.30" 0.052203030681321 0.12817932659436 0.819170609953535 2.82328910793511e-05 3.68733440474499e-05 0.000260333133949923 4.1500454102633e-05 2.49613895661657e-05 3.68389677287014e-05 1.82925903096849e-05
"ca1hippocampus.31" 5.22888013336808e-05 0.457537693722244 0.460477660075688 4.69503656290722e-05 0.0261853838388255 2.26592992466708e-05 0.055597199920944 3.49254991240227e-05 2.78712597180387e-05 1.73672172469731e-05
"sscortex.86" 0.169023454243136 0.309131763000565 0.393911715526443 0.00127517297025613 0.122396103882675 0.00100701598670362 4.10857370348031e-05 4.91797037175761e-05 0.00314665373834586 1.78552111225045e-05
"sscortex.87" 0.000799126119587866 0.222150461159903 0.560508930945746 0.075016365358657 0.0604525763633317 0.0801980811904821 0.000732336927343643 3.7828683756313e-05 8.5864039507869e-05 1.84292116843566e-05
"ca1hippocampus.32" 0.0471606372138302 0.0938462978855184 0.838126362872475 0.000568642543064269 0.0201134338556666 3.01739175796632e-05 5.27498584856592e-05 2.24277105462044e-05 5.7916895910258e-05 2.13572469236747e-05
"ca1hippocampus.33" 0.0941693390063088 0.15833163192987 0.730039893716709 0.000276000006596126 0.0165369915775123 3.62556246080761e-05 4.99696315170822e-05 0.000321857632577685 0.000207859946937346 3.02009273629923e-05
"ca1hippocampus.34" 0.102467235393184 0.12915510000913 0.75471559350127 6.97536929407848e-05 0.0132490824812439 4.845412646701e-05 3.5349085645347e-05 2.18664965734997e-05 9.40490697719517e-05 0.0001435161437727
"ca1hippocampus.35" 0.0811554021052075 0.137786138284976 0.765993881762814 3.02255810754289e-05 0.0123019594592352 2.31085232328984e-05 3.45255929281416e-05 0.000473938818580247 0.00218753083576935 1.32890361817846e-05
"ca1hippocampus.36" 5.41574113154673e-05 0.388700070493465 0.590779955392039 0.000800132139349461 0.0195365342523559 3.7711266607993e-05 2.72623982269674e-05 2.28046587423473e-05 2.4923715085157e-05 1.64482728130249e-05
"ca1hippocampus.37" 0.172756489253462 0.179960724640339 0.456768427837611 0.0631940446631342 0.0234957479958952 0.0442157286979512 0.00374309906098727 0.0553098277058727 0.000327142235488737 0.00022876790925879
"sscortex.88" 0.184329935575537 0.315831022664839 0.389886871306874 0.00642064408971544 0.0973211100775634 0.000639281802551663 0.00172888001280678 0.000450777130563299 0.00321900027580711 0.000172477063742372
"sscortex.89" 5.68464965430807e-05 0.365883208639739 0.53596531752267 0.0049292859140171 0.0102879784882679 8.27050138134195e-05 0.0825390698491127 0.000121035020412218 9.3325112474248e-05 4.1227942949893e-05
"ca1hippocampus.38" 4.96736459162045e-05 0.556934704597689 0.420029979896359 0.000283276936318345 0.0207423205127734 1.68638206149114e-05 0.00049626916633534 0.0012331744739055 0.000200871135436021 1.28658146520144e-05
"sscortex.90" 0.0171794469527472 0.453700315046429 0.305598271572823 0.00324077143804077 0.0727865393345816 0.00153999616519419 0.00159220661060967 0.141437423427386 0.00269700563868655 0.000228023813501813
"ca1hippocampus.39" 0.0360476162547088 0.250148310727323 0.670277516086314 6.80560980780109e-05 0.0431631937179533 0.000131186066874845 4.05207983070868e-05 4.90492945707509e-05 5.60759579915473e-05 1.84749978789918e-05
"sscortex.91" 7.71589958906542e-05 0.521948910482032 0.427094584629059 6.02462641795786e-05 0.0415253345180805 0.000791126239651874 0.00210928214903681 0.00482123117824439 0.00116652996095817 0.000405595582866944
"ca1hippocampus.40" 0.075181701152075 0.326580664586696 0.557728569891629 0.000621001370378713 0.0385951256872621 2.68104419433758e-05 7.18882229620076e-05 0.00055930125301049 0.000621681777703018 1.32556163409894e-05
"sscortex.92" 0.0845476337930939 0.516734532395597 0.268115213707181 0.000761702497692936 0.0364616471097857 0.000136995893234069 0.0917362487572323 5.04012559174127e-05 0.00142177998520174 3.38446050632863e-05
"ca1hippocampus.41" 0.0708995303248153 0.490154896218399 0.397174236926325 0.000960061872028248 0.0385530144530188 2.73466069019796e-05 0.000478548836038313 0.00145204297666276 0.000287301437164184 1.30203486465507e-05
"ca1hippocampus.42" 0.191973214440678 0.419481264986768 0.284402573478497 4.09494400740421e-05 0.103286199135989 3.22232798456719e-05 0.000108139764323638 0.000222592214725054 0.000167338814812425 0.000285504444287122
"ca1hippocampus.43" 0.000300105148347578 0.56126385206822 0.415793743446921 0.000194012909711443 0.0206240655785409 0.000105055634895695 9.45248475602382e-05 0.000291939634564856 0.00111900773944439 0.000213692991793324
"ca1hippocampus.44" 0.314661295840918 0.364574810474386 0.301571513929413 0.00117990709828528 0.017199045416829 1.9635754840435e-05 3.5828910026011e-05 0.000669874274599707 7.17407295001109e-05 1.63475712028564e-05
"sscortex.93" 0.000292345219696886 0.386317077529811 0.544961134279027 0.0101760228909125 0.0520649274187926 0.000336870177625719 7.62001325583024e-05 0.00566379815142983 7.34491913127881e-05 3.8175008833374e-05
"sscortex.94" 0.00030335140297159 0.421056794063884 0.447387138236757 0.000191514177419228 0.110707133580578 0.000844529635115174 0.0175696182875113 0.00157824736915731 5.52076082773639e-05 0.000306465638328487
"ca1hippocampus.45" 0.000120477706337183 0.404620668356497 0.309198863833437 0.12025302470368 0.072565855779923 0.0925246433834217 0.000465547207762267 0.000152814392422147 7.12670295882423e-05 2.68376069316503e-05
"sscortex.95" 0.00565294093100504 0.241627011561194 0.68966666794333 9.04403094441608e-05 0.0613459720159909 0.00030329421861517 4.24749277931143e-05 0.000941346864540486 0.000311913460541965 1.79377675453428e-05
"ca1hippocampus.46" 0.222992043452074 0.499141635307806 0.230771755863942 0.00077396109971003 0.0383710492287876 0.000108168214217301 0.00480798033294594 0.00219235720966287 0.000812059326986674 2.89899638673819e-05
"sscortex.96" 6.88189195822507e-05 0.427961052988041 0.468022490184871 0.00237998530519617 0.0962438850621903 0.000113393449908104 0.000154395013851433 0.00277879628872944 0.00184873981327068 0.000428442974359408
"sscortex.97" 0.00485582934230372 0.371479910562246 0.44446909729393 0.0142600009439873 0.060943757847068 0.00108830236703947 0.0985352319039296 0.00239947451702354 0.00175330404034701 0.000215091182125403
"sscortex.98" 0.000407222515978546 0.243272439943776 0.354876812052478 0.122589455043036 0.0532598486686232 0.173593743607287 0.00354340292648461 0.00519188071704669 0.0423397766608502 0.000925417864439708
"sscortex.99" 0.0450609978890704 0.298176732896056 0.455289841218155 0.00171451919617555 0.171477810288582 6.91631608623369e-05 0.0249373893950221 0.00312180064473031 0.000126573116792777 2.51721945542548e-05
"sscortex.100" 0.000101304293180233 0.470901207642446 0.395811109443385 0.00930134905159241 0.100115874237999 0.000753527153981651 0.00344202286456308 0.0182552873671024 0.00129594454105408 2.2373404695896e-05
"sscortex.101" 4.36649414109231e-05 0.36977681137449 0.334452887458172 0.142375529365562 0.103060986274301 0.0478148086010384 0.000713582194124224 0.00171297021825524 2.73068126167246e-05 2.14527600294115e-05
"sscortex.102" 3.90997284558544e-05 0.365467903503883 0.445261933416245 0.00479788291351361 0.174215135167351 3.43967377365716e-05 0.000927069128977778 0.00908368589427654 0.000143741254593106 2.91522549684578e-05
"ca1hippocampus.47" 2.27693572306478e-05 0.502700892851126 0.470993614227089 0.000571687528707011 0.0247266933817184 0.00027522861504047 1.71920701571906e-05 0.000467329428856733 0.000209733405208736 1.48591348658495e-05
"ca1hippocampus.48" 1.88847096105352e-05 0.570160596850437 0.34783729866193 2.9366635692538e-05 0.0779394308049128 1.27630493388147e-05 6.05524645405119e-05 0.000547555276615454 1.45600939006563e-05 0.00337899145302167
"ca1hippocampus.49" 0.0479372902982773 0.417782712120317 0.465017180531387 0.000240915572724653 0.068796015161903 2.36051705870934e-05 2.1389263012095e-05 0.000101981016702558 6.36495919907425e-05 1.5261273097803e-05
"ca1hippocampus.50" 8.60074479630992e-05 0.284003349703161 0.610305530458748 0.000201121096787318 0.10508664999524 3.21572144291071e-05 3.07818245919407e-05 8.70228597245133e-05 0.000146922524462963 2.04568748912811e-05
"ca1hippocampus.51" 0.012484276143701 0.325769232709076 0.620898824556233 6.3971056803382e-05 0.0405656981186216 3.84894418261508e-05 4.87977015122575e-05 6.3370433498852e-05 3.77986213447806e-05 2.95412173835168e-05
"ca1hippocampus.52" 0.0798406234981306 0.226047553798719 0.598422125348075 0.000550213609350968 0.0932505252470034 6.64253994104225e-05 0.00112839405759734 0.000524360551922705 0.000137996475662528 3.17820141280927e-05
"ca1hippocampus.53" 0.0958299490498105 0.00188174428207791 0.847002109698578 0.00035300614640788 0.052424777290629 0.000268946072162258 0.000733163727996857 0.00134051120278889 0.00012032287063156 4.54696589170688e-05
"ca1hippocampus.54" 5.44512396362261e-05 0.265113088603307 0.696906189301494 0.00163129343701117 0.0348342455541822 7.62415487941158e-05 7.10111420730605e-05 0.00117067890194705 0.000102359593175764 4.04406783793128e-05
"ca1hippocampus.55" 3.07359593381262e-05 0.302732354351114 0.653924246349546 0.00032825634680979 0.0428322084536597 3.90035974544694e-05 1.88011978765266e-05 4.96585141644327e-05 2.94994084376368e-05 1.52358215986133e-05
"ca1hippocampus.56" 0.00629718113962917 0.187104146308411 0.724559506533499 0.000247939703844548 0.081315612590994 0.00020416084425077 4.17105834146517e-05 5.51072346412474e-05 0.000154418052636993 2.02170086789005e-05
"ca1hippocampus.57" 0.175806970450456 0.00301194137254677 0.765508316201034 0.000462970879366394 0.0526758051000277 4.3295261598998e-05 3.86799529829647e-05 0.00227866894578979 4.74830173366614e-05 0.000125868818861364
"ca1hippocampus.58" 0.241346081024696 0.259822663525451 0.460951049617101 0.000549803560299213 0.037153973758766 4.27419666675721e-05 2.09180969927469e-05 5.05808427619322e-05 5.06277989986634e-05 1.15598082647032e-05
"ca1hippocampus.59" 0.0887228276967281 0.0946292666197285 0.781859700288291 0.000421191464200522 0.034098728515052 3.33427469837251e-05 2.13918323003957e-05 2.37625968241524e-05 0.00017962467357252 1.01635663187341e-05
"sscortex.103" 0.0239959791738423 0.0409174984589652 0.860609906888155 2.93978718650864e-05 0.0743121918228894 1.06919091529248e-05 1.50946505543782e-05 4.22921864040125e-05 5.87087331084825e-05 8.23830506373728e-06
"ca1hippocampus.60" 0.000996619223854411 0.125673874166973 0.802699931299964 1.40537003498424e-05 0.0704694692423195 9.06631885653104e-06 1.26176983461863e-05 5.06162125368871e-05 1.10334111225517e-05 6.27187256777425e-05
"ca1hippocampus.61" 3.66113136245957e-05 0.545847024375126 0.397443480915791 9.80276028968088e-05 0.0551604171489449 1.72045830185216e-05 1.91911665084849e-05 0.00135061617918477 1.36138242929991e-05 1.38128906119482e-05
"ca1hippocampus.62" 3.39437436568051e-05 0.404360458294765 0.543025763149583 5.38883901707347e-05 0.0521749798120833 3.20407859762694e-05 0.000195411959734536 7.6646593941401e-05 3.32753675691013e-05 1.35919025198169e-05
"sscortex.104" 4.47086395411734e-05 0.522540263150029 0.406065937877436 0.00710683887928777 0.0547704211558415 3.27471795233704e-05 0.00165114870525789 0.00771229973205259 4.00520178169278e-05 3.55826632132199e-05
"ca1hippocampus.63" 0.0466833840556655 0.579771885382058 0.351220151547358 0.000455767287428024 0.017754000458635 2.31941981402017e-05 0.000287353663718195 0.0037353366114941 5.60945539231995e-05 1.28322415794302e-05
"ca1hippocampus.64" 3.06038433089903e-05 0.250633349837584 0.487769394386604 0.0644834479148104 0.0393667990310541 0.0352090553678357 2.94053516294018e-05 0.111857604457496 0.0106124939828356 7.8458268416934e-06
"ca1hippocampus.65" 0.0512134409705194 0.521201936703476 0.390891775392637 0.00110055839616057 0.0329297851318781 2.48278329175781e-05 1.76749513151724e-05 0.00224382890710963 0.000168166713996041 0.000208004999990648
"ca1hippocampus.66" 1.76202664169644e-05 0.530890228224881 0.430953900376024 3.56178863312563e-05 0.0367062639709735 1.2207237453035e-05 0.000356505284590028 0.000965133378871082 2.44421784840864e-05 3.80811959748883e-05
"ca1hippocampus.67" 0.000342865441537767 0.307775359820057 0.644863312330313 6.29405537384619e-05 0.0455822598243756 1.57445369531011e-05 2.7204492259489e-05 0.000938653564868014 0.000378502480498309 1.31569553995987e-05
"ca1hippocampus.68" 0.0312215348375278 0.124884767756606 0.824304646287505 1.51270467732288e-05 0.0193091184048859 9.76379413598553e-06 0.000175323958437439 2.73350264436943e-05 4.75815063755711e-05 4.80138130984754e-06
"ca1hippocampus.69" 0.112032949674549 0.529353969357973 0.315226869098824 2.10605587402613e-05 0.0432130867648412 1.3380385254206e-05 1.51029414409961e-05 7.39235020260148e-05 4.01810990144683e-05 9.47661733694415e-06
"ca1hippocampus.70" 3.37317316077332e-05 0.483181200377826 0.465733120179518 0.00476408074656161 0.0422281485061944 2.68673189905071e-05 6.94051555677678e-05 0.00376291888382368 0.000175971103431448 2.45559964790327e-05
"ca1hippocampus.71" 0.0306002286383285 0.267789346507501 0.669666679706197 4.9670213235154e-05 0.0312549203508481 2.15566761170211e-05 3.31669403707921e-05 0.00022558763198331 0.000344534188214005 1.43091472043684e-05
"ca1hippocampus.72" 0.0519102617487705 0.639480514019752 0.267341814388525 3.09586802333642e-05 0.0406920559667275 1.4681304786398e-05 2.09215569235431e-05 0.000463425040881511 3.00352316961286e-05 1.53320617041973e-05
"ca1hippocampus.73" 0.00242738824541651 0.334066590589984 0.55791168282532 7.03312294098876e-05 0.0414383577299366 0.000381998841825739 5.03438691872818e-05 0.0635787766327624 5.19760838594935e-05 2.25539522983316e-05
"ca1hippocampus.74" 0.248897484486487 0.352641703519229 0.374681276238266 0.000147565098750277 0.0234767553955841 2.06034898764329e-05 1.82662991421779e-05 2.36179923713689e-05 8.32936732699968e-05 9.43380702332558e-06
"ca1hippocampus.75" 0.00108393646077645 0.304003812121249 0.65445540687132 2.23637532064327e-05 0.0398857519478516 1.07321266373322e-05 0.00041737062817144 5.94235541976822e-05 4.56378087068582e-05 1.55647278828437e-05
"ca1hippocampus.76" 0.0272351839553045 0.253893092680417 0.689289332558568 0.000135157030661162 0.0266283253054259 3.43949083159932e-05 0.000709490397876864 0.000798319420642789 0.00125446783818747 2.22359045996468e-05
"ca1hippocampus.77" 0.0598579876303154 0.409547873381634 0.459258974346695 3.41600385719071e-05 0.0711077150712108 1.8463450386674e-05 9.04533570382741e-05 4.08455678126882e-05 2.88330461503061e-05 1.4694110185057e-05
"ca1hippocampus.78" 5.77002771240937e-05 0.47846282807807 0.476125597361887 8.55320418541873e-05 0.0438570150691943 2.26673381285772e-05 3.99095082738283e-05 0.000125877311864885 0.00120322049948148 1.96525141219127e-05
"ca1hippocampus.79" 0.0175051364962611 0.386937232461156 0.445994448797099 4.46617438981988e-05 0.0933617982304538 2.36044255377711e-05 0.0528159533040778 0.00323113723111036 6.50323270060251e-05 2.09949833996785e-05
